0, 100000,100000,100000,100000,100000,100000,100000,100000,100000,100000,100000,100000,
1, 100000,100000,100000,100000,100000,100000,100000,100000,100000,100000,100000,100000,
2, 100000,100000,100000,100000,100000,100000,100000,100000,100000,100000,100000,100000,
3, 100000,100000,100000,100000,100000,100000,100000,100000,100000,100000,100000,100000,
4, 100000,100000,100000,100000,100000,100000,100000,100000,100000,100000,100000,100000,
5, 100000,100000,100000,100000,100000,100000,4.03    ,8.598   ,4.344   ,0.014   ,-0.093  ,-0.039  ,
6, 100000,100000,100000,100000,100000,100000,4.03    ,8.598   ,4.344   ,0.014   ,-0.093  ,-0.039  ,
7, 100000,100000,100000,100000,100000,100000,4.03    ,8.598   ,4.344   ,0.014   ,-0.093  ,-0.039  ,
8, 100000,100000,100000,100000,100000,100000,4.03    ,8.598   ,4.344   ,0.014   ,-0.093  ,-0.039  ,
9, 100000,100000,100000,100000,100000,100000,4.03    ,8.598   ,4.344   ,0.014   ,-0.093  ,-0.039  ,
10, 100000,100000,100000,100000,100000,100000,4.03    ,8.598   ,4.344   ,0.014   ,-0.093  ,-0.039  ,
11, 100000,100000,100000,100000,100000,100000,4.03    ,8.598   ,4.344   ,0.014   ,-0.093  ,-0.039  ,
12, 100000,100000,100000,100000,100000,100000,4.03    ,8.598   ,4.344   ,0.014   ,-0.093  ,-0.039  ,
13, 100000,100000,100000,100000,100000,100000,4.03    ,8.598   ,4.344   ,0.014   ,-0.093  ,-0.039  ,
14, 100000,100000,100000,100000,100000,100000,4.03    ,8.598   ,4.344   ,0.014   ,-0.093  ,-0.039  ,
15, 100000,100000,100000,100000,100000,100000,4.03    ,8.598   ,4.344   ,0.014   ,-0.093  ,-0.039  ,
16, 100000,100000,100000,100000,100000,100000,4.03    ,8.598   ,4.344   ,0.014   ,-0.093  ,-0.039  ,
17, 100000,100000,100000,100000,100000,100000,4.03    ,8.598   ,4.344   ,0.014   ,-0.093  ,-0.039  ,
18, 100000,100000,100000,100000,100000,100000,4.03    ,8.598   ,4.344   ,0.014   ,-0.093  ,-0.039  ,
19, 100000,100000,100000,100000,100000,100000,4.03    ,8.598   ,4.344   ,0.014   ,-0.093  ,-0.039  ,
20, 100000,100000,100000,100000,100000,100000,4.03    ,8.598   ,4.344   ,0.014   ,-0.093  ,-0.039  ,
21, 100000,100000,100000,100000,100000,100000,4.03    ,8.598   ,4.344   ,0.014   ,-0.093  ,-0.039  ,
22, 100000,100000,100000,100000,100000,100000,4.03    ,8.598   ,4.344   ,0.014   ,-0.093  ,-0.039  ,
23, 100000,100000,100000,100000,100000,100000,4.03    ,8.598   ,4.344   ,0.014   ,-0.093  ,-0.039  ,
24, 100000,100000,100000,100000,100000,100000,4.03    ,8.598   ,4.344   ,0.014   ,-0.093  ,-0.039  ,
25, 100000,100000,100000,100000,100000,100000,4.03    ,8.598   ,4.344   ,0.014   ,-0.093  ,-0.039  ,
26, 100000,100000,100000,100000,100000,100000,4.03    ,8.598   ,4.344   ,0.014   ,-0.093  ,-0.039  ,
27, 100000,100000,100000,100000,100000,100000,4.03    ,8.598   ,4.344   ,0.014   ,-0.093  ,-0.039  ,
28, 100000,100000,100000,100000,100000,100000,4.03    ,8.598   ,4.344   ,0.014   ,-0.093  ,-0.039  ,
29, 100000,100000,100000,100000,100000,100000,4.03    ,8.598   ,4.344   ,0.014   ,-0.093  ,-0.039  ,
30, 100000,100000,100000,100000,100000,100000,4.03    ,8.598   ,4.344   ,0.014   ,-0.093  ,-0.039  ,
31, 100000,100000,100000,100000,100000,100000,4.03    ,8.598   ,4.344   ,0.014   ,-0.093  ,-0.039  ,
32, 100000,100000,100000,100000,100000,100000,4.03    ,8.598   ,4.344   ,0.014   ,-0.093  ,-0.039  ,
33, 100000,100000,100000,100000,100000,100000,4.03    ,8.598   ,4.344   ,0.014   ,-0.093  ,-0.039  ,
34, 100000,100000,100000,100000,100000,100000,4.03    ,8.598   ,4.344   ,0.014   ,-0.093  ,-0.039  ,
35, 100000,100000,100000,100000,100000,100000,4.03    ,8.598   ,4.344   ,0.014   ,-0.093  ,-0.039  ,
36, 100000,100000,100000,100000,100000,100000,4.03    ,8.598   ,4.344   ,0.014   ,-0.093  ,-0.039  ,
37, 100000,100000,100000,100000,100000,100000,4.03    ,8.598   ,4.344   ,0.014   ,-0.093  ,-0.039  ,
38, 100000,100000,100000,100000,100000,100000,4.03    ,8.598   ,4.344   ,0.014   ,-0.093  ,-0.039  ,
39, 100000,100000,100000,100000,100000,100000,4.03    ,8.598   ,4.344   ,0.014   ,-0.093  ,-0.039  ,
40, 100000,100000,100000,100000,100000,100000,4.03    ,8.598   ,4.344   ,0.014   ,-0.093  ,-0.039  ,
41, 100000,100000,100000,100000,100000,100000,4.03    ,8.598   ,4.344   ,0.014   ,-0.093  ,-0.039  ,
42, 100000,100000,100000,100000,100000,100000,4.03    ,8.598   ,4.344   ,0.014   ,-0.093  ,-0.039  ,
43, 100000,100000,100000,100000,100000,100000,4.03    ,8.598   ,4.344   ,0.014   ,-0.093  ,-0.039  ,
44, 100000,100000,100000,100000,100000,100000,4.03    ,8.598   ,4.344   ,0.014   ,-0.093  ,-0.039  ,
45, 100000,100000,100000,100000,100000,100000,4.03    ,8.598   ,4.344   ,0.014   ,-0.093  ,-0.039  ,
46, 100000,100000,100000,100000,100000,100000,4.03    ,8.598   ,4.344   ,0.014   ,-0.093  ,-0.039  ,
47, 100000,100000,100000,100000,100000,100000,4.03    ,8.598   ,4.344   ,0.014   ,-0.093  ,-0.039  ,
48, 100000,100000,100000,100000,100000,100000,4.03    ,8.598   ,4.344   ,0.014   ,-0.093  ,-0.039  ,
49, 100000,100000,100000,100000,100000,100000,4.03    ,8.598   ,4.344   ,0.014   ,-0.093  ,-0.039  ,
50, 100000,100000,100000,100000,100000,100000,4.03    ,8.598   ,4.344   ,0.014   ,-0.093  ,-0.039  ,
51, 100000,100000,100000,100000,100000,100000,4.03    ,8.598   ,4.344   ,0.014   ,-0.093  ,-0.039  ,
52, 100000,100000,100000,100000,100000,100000,4.03    ,8.598   ,4.344   ,0.014   ,-0.093  ,-0.039  ,
53, 100000,100000,100000,100000,100000,100000,4.03    ,8.598   ,4.344   ,0.014   ,-0.093  ,-0.039  ,
54, 100000,100000,100000,100000,100000,100000,4.03    ,8.598   ,4.344   ,0.014   ,-0.093  ,-0.039  ,
55, 100000,100000,100000,100000,100000,100000,4.03    ,8.598   ,4.344   ,0.014   ,-0.093  ,-0.039  ,
56, 100000,100000,100000,100000,100000,100000,4.03    ,8.598   ,4.344   ,0.014   ,-0.093  ,-0.039  ,
57, 100000,100000,100000,100000,100000,100000,4.03    ,8.598   ,4.344   ,0.014   ,-0.093  ,-0.039  ,
58, 100000,100000,100000,100000,100000,100000,4.03    ,8.598   ,4.344   ,0.014   ,-0.093  ,-0.039  ,
59, 100000,100000,100000,100000,100000,100000,4.03    ,8.598   ,4.344   ,0.014   ,-0.093  ,-0.039  ,
60, 100000,100000,100000,100000,100000,100000,4.03    ,8.598   ,4.344   ,0.014   ,-0.093  ,-0.039  ,
61, 100000,100000,100000,100000,100000,100000,4.03    ,8.598   ,4.344   ,0.014   ,-0.093  ,-0.039  ,
62, 100000,100000,100000,100000,100000,100000,4.03    ,8.598   ,4.344   ,0.014   ,-0.093  ,-0.039  ,
63, 100000,100000,100000,100000,100000,100000,4.03    ,8.598   ,4.344   ,0.014   ,-0.093  ,-0.039  ,
64, 100000,100000,100000,100000,100000,100000,4.03    ,8.598   ,4.344   ,0.014   ,-0.093  ,-0.039  ,
65, 100000,100000,100000,100000,100000,100000,4.03    ,8.598   ,4.344   ,0.014   ,-0.093  ,-0.039  ,
66, 100000,100000,100000,100000,100000,100000,4.03    ,8.598   ,4.344   ,0.014   ,-0.093  ,-0.039  ,
67, 100000,100000,100000,100000,100000,100000,4.03    ,8.598   ,4.344   ,0.014   ,-0.093  ,-0.039  ,
68, 100000,100000,100000,100000,100000,100000,4.03    ,8.598   ,4.344   ,0.014   ,-0.093  ,-0.039  ,
69, 100000,100000,100000,100000,100000,100000,4.03    ,8.598   ,4.344   ,0.014   ,-0.093  ,-0.039  ,
70, 100000,100000,100000,100000,100000,100000,4.03    ,8.598   ,4.344   ,0.014   ,-0.093  ,-0.039  ,
71, 100000,100000,100000,100000,100000,100000,4.03    ,8.598   ,4.344   ,0.014   ,-0.093  ,-0.039  ,
72, 100000,100000,100000,100000,100000,100000,4.03    ,8.598   ,4.344   ,0.014   ,-0.093  ,-0.039  ,
73, 100000,100000,100000,100000,100000,100000,4.03    ,8.598   ,4.344   ,0.014   ,-0.093  ,-0.039  ,
74, 100000,100000,100000,100000,100000,100000,4.03    ,8.598   ,4.344   ,0.014   ,-0.093  ,-0.039  ,
75, 100000,100000,100000,100000,100000,100000,4.03    ,8.598   ,4.344   ,0.014   ,-0.093  ,-0.039  ,
76, 100000,100000,100000,100000,100000,100000,4.03    ,8.598   ,4.344   ,0.014   ,-0.093  ,-0.039  ,
77, 100000,100000,100000,100000,100000,100000,4.03    ,8.598   ,4.344   ,0.014   ,-0.093  ,-0.039  ,
78, 100000,100000,100000,100000,100000,100000,4.03    ,8.598   ,4.344   ,0.014   ,-0.093  ,-0.039  ,
79, 100000,100000,100000,100000,100000,100000,4.03    ,8.598   ,4.344   ,0.014   ,-0.093  ,-0.039  ,
80, 100000,100000,100000,100000,100000,100000,4.03    ,8.598   ,4.344   ,0.014   ,-0.093  ,-0.039  ,
81, 100000,100000,100000,100000,100000,100000,4.03    ,8.598   ,4.344   ,0.014   ,-0.093  ,-0.039  ,
82, 100000,100000,100000,100000,100000,100000,4.03    ,8.598   ,4.344   ,0.014   ,-0.093  ,-0.039  ,
83, 100000,100000,100000,100000,100000,100000,4.03    ,8.598   ,4.344   ,0.014   ,-0.093  ,-0.039  ,
84, 100000,100000,100000,100000,100000,100000,4.03    ,8.598   ,4.344   ,0.014   ,-0.093  ,-0.039  ,
85, 100000,100000,100000,100000,100000,100000,4.03    ,8.598   ,4.344   ,0.014   ,-0.093  ,-0.039  ,
86, 100000,100000,100000,100000,100000,100000,4.03    ,8.598   ,4.344   ,0.014   ,-0.093  ,-0.039  ,
87, 100000,100000,100000,100000,100000,100000,4.03    ,8.598   ,4.344   ,0.014   ,-0.093  ,-0.039  ,
88, 100000,100000,100000,100000,100000,100000,4.03    ,8.598   ,4.344   ,0.014   ,-0.093  ,-0.039  ,
89, 100000,100000,100000,100000,100000,100000,4.03    ,8.598   ,4.344   ,0.014   ,-0.093  ,-0.039  ,
90, 100000,100000,100000,100000,100000,100000,4.03    ,8.598   ,4.344   ,0.014   ,-0.093  ,-0.039  ,
91, 100000,100000,100000,100000,100000,100000,4.03    ,8.598   ,4.344   ,0.014   ,-0.093  ,-0.039  ,
92, 100000,100000,100000,100000,100000,100000,4.03    ,8.598   ,4.344   ,0.014   ,-0.093  ,-0.039  ,
93, 100000,100000,100000,100000,100000,100000,4.03    ,8.598   ,4.344   ,0.014   ,-0.093  ,-0.039  ,
94, 100000,100000,100000,100000,100000,100000,4.03    ,8.598   ,4.344   ,0.014   ,-0.093  ,-0.039  ,
95, 100000,100000,100000,100000,100000,100000,4.03    ,8.598   ,4.344   ,0.014   ,-0.093  ,-0.039  ,
96, 100000,100000,100000,100000,100000,100000,4.03    ,8.598   ,4.344   ,0.014   ,-0.093  ,-0.039  ,
97, 100000,100000,100000,100000,100000,100000,4.03    ,8.598   ,4.344   ,0.014   ,-0.093  ,-0.039  ,
98, 100000,100000,100000,100000,100000,100000,4.03    ,8.598   ,4.344   ,0.014   ,-0.093  ,-0.039  ,
99, 100000,100000,100000,100000,100000,100000,4.03    ,8.598   ,4.344   ,0.014   ,-0.093  ,-0.039  ,
100, 100000,100000,100000,100000,100000,100000,4.03    ,8.598   ,4.344   ,0.014   ,-0.093  ,-0.039  ,
101, 100000,100000,100000,100000,100000,100000,4.03    ,8.598   ,4.344   ,0.014   ,-0.093  ,-0.039  ,
102, 100000,100000,100000,100000,100000,100000,4.03    ,8.598   ,4.344   ,0.014   ,-0.093  ,-0.039  ,
103, 100000,100000,100000,100000,100000,100000,4.03    ,8.598   ,4.344   ,0.014   ,-0.093  ,-0.039  ,
104, 100000,100000,100000,100000,100000,100000,4.03    ,8.598   ,4.344   ,0.014   ,-0.093  ,-0.039  ,
105, 100000,100000,100000,100000,100000,100000,4.03    ,8.598   ,4.344   ,0.014   ,-0.093  ,-0.039  ,
106, 100000,100000,100000,100000,100000,100000,4.03    ,8.598   ,4.344   ,0.014   ,-0.093  ,-0.039  ,
107, 100000,100000,100000,100000,100000,100000,4.03    ,8.598   ,4.344   ,0.014   ,-0.093  ,-0.039  ,
108, 100000,100000,100000,100000,100000,100000,4.03    ,8.598   ,4.344   ,0.014   ,-0.093  ,-0.039  ,
109, 100000,100000,100000,100000,100000,100000,4.03    ,8.598   ,4.344   ,0.014   ,-0.093  ,-0.039  ,
110, 100000,100000,100000,100000,100000,100000,4.03    ,8.598   ,4.344   ,0.014   ,-0.093  ,-0.039  ,
111, 100000,100000,100000,100000,100000,100000,4.03    ,8.598   ,4.344   ,0.014   ,-0.093  ,-0.039  ,
112, 100000,100000,100000,100000,100000,100000,4.03    ,8.598   ,4.344   ,0.014   ,-0.093  ,-0.039  ,
113, 100000,100000,100000,100000,100000,100000,4.03    ,8.598   ,4.344   ,0.014   ,-0.093  ,-0.039  ,
114, 100000,100000,100000,100000,100000,100000,4.03    ,8.598   ,4.344   ,0.014   ,-0.093  ,-0.039  ,
115, 100000,100000,100000,100000,100000,100000,4.03    ,8.598   ,4.344   ,0.014   ,-0.093  ,-0.039  ,
116, 100000,100000,100000,100000,100000,100000,4.03    ,8.598   ,4.344   ,0.014   ,-0.093  ,-0.039  ,
117, 100000,100000,100000,100000,100000,100000,4.03    ,8.598   ,4.344   ,0.014   ,-0.093  ,-0.039  ,
118, 100000,100000,100000,100000,100000,100000,4.03    ,8.598   ,4.344   ,0.014   ,-0.093  ,-0.039  ,
119, 100000,100000,100000,100000,100000,100000,4.03    ,8.598   ,4.344   ,0.014   ,-0.093  ,-0.039  ,
120, 100000,100000,100000,100000,100000,100000,4.03    ,8.598   ,4.344   ,0.014   ,-0.093  ,-0.039  ,
121, 100000,100000,100000,100000,100000,100000,4.03    ,8.598   ,4.344   ,0.014   ,-0.093  ,-0.039  ,
122, 100000,100000,100000,100000,100000,100000,4.03    ,8.598   ,4.344   ,0.014   ,-0.093  ,-0.039  ,
123, 100000,100000,100000,100000,100000,100000,4.03    ,8.598   ,4.344   ,0.014   ,-0.093  ,-0.039  ,
124, 100000,100000,100000,100000,100000,100000,4.03    ,8.598   ,4.344   ,0.014   ,-0.093  ,-0.039  ,
125, 100000,100000,100000,100000,100000,100000,4.03    ,8.598   ,4.344   ,0.014   ,-0.093  ,-0.039  ,
126, 100000,100000,100000,100000,100000,100000,4.03    ,8.598   ,4.344   ,0.014   ,-0.093  ,-0.039  ,
127, 100000,100000,100000,100000,100000,100000,4.03    ,8.598   ,4.344   ,0.014   ,-0.093  ,-0.039  ,
128, 100000,100000,100000,100000,100000,100000,4.03    ,8.598   ,4.344   ,0.014   ,-0.093  ,-0.039  ,
129, 100000,100000,100000,100000,100000,100000,4.03    ,8.598   ,4.344   ,0.014   ,-0.093  ,-0.039  ,
130, 100000,100000,100000,100000,100000,100000,4.03    ,8.598   ,4.344   ,0.014   ,-0.093  ,-0.039  ,
131, 100000,100000,100000,100000,100000,100000,4.03    ,8.598   ,4.344   ,0.014   ,-0.093  ,-0.039  ,
132, 100000,100000,100000,100000,100000,100000,4.03    ,8.598   ,4.344   ,0.014   ,-0.093  ,-0.039  ,
133, 100000,100000,100000,100000,100000,100000,4.03    ,8.598   ,4.344   ,0.014   ,-0.093  ,-0.039  ,
134, 100000,100000,100000,100000,100000,100000,4.03    ,8.598   ,4.344   ,0.014   ,-0.093  ,-0.039  ,
135, 100000,100000,100000,100000,100000,100000,4.03    ,8.598   ,4.344   ,0.014   ,-0.093  ,-0.039  ,
136, 100000,100000,100000,100000,100000,100000,4.03    ,8.598   ,4.344   ,0.014   ,-0.093  ,-0.039  ,
137, 100000,100000,100000,100000,100000,100000,4.03    ,8.598   ,4.344   ,0.014   ,-0.093  ,-0.039  ,
138, 100000,100000,100000,100000,100000,100000,4.03    ,8.598   ,4.344   ,0.014   ,-0.093  ,-0.039  ,
139, 100000,100000,100000,100000,100000,100000,4.03    ,8.598   ,4.344   ,0.014   ,-0.093  ,-0.039  ,
140, 100000,100000,100000,100000,100000,100000,4.03    ,8.598   ,4.344   ,0.014   ,-0.093  ,-0.039  ,
141, 100000,100000,100000,100000,100000,100000,4.03    ,8.598   ,4.344   ,0.014   ,-0.093  ,-0.039  ,
142, 100000,100000,100000,100000,100000,100000,4.03    ,8.598   ,4.344   ,0.014   ,-0.093  ,-0.039  ,
143, 100000,100000,100000,100000,100000,100000,4.03    ,8.598   ,4.344   ,0.014   ,-0.093  ,-0.039  ,
144, 100000,100000,100000,100000,100000,100000,4.03    ,8.598   ,4.344   ,0.014   ,-0.093  ,-0.039  ,
145, 100000,100000,100000,100000,100000,100000,4.03    ,8.598   ,4.344   ,0.014   ,-0.093  ,-0.039  ,
146, 100000,100000,100000,100000,100000,100000,4.03    ,8.598   ,4.344   ,0.014   ,-0.093  ,-0.039  ,
147, 100000,100000,100000,100000,100000,100000,4.03    ,8.598   ,4.344   ,0.014   ,-0.093  ,-0.039  ,
148, 100000,100000,100000,100000,100000,100000,4.03    ,8.598   ,4.344   ,0.014   ,-0.093  ,-0.039  ,
149, 100000,100000,100000,100000,100000,100000,4.03    ,8.598   ,4.344   ,0.014   ,-0.093  ,-0.039  ,
150, 100000,100000,100000,100000,100000,100000,4.03    ,8.598   ,4.344   ,0.014   ,-0.093  ,-0.039  ,
151, 100000,100000,100000,100000,100000,100000,4.03    ,8.598   ,4.344   ,0.014   ,-0.093  ,-0.039  ,
152, 100000,100000,100000,100000,100000,100000,4.03    ,8.598   ,4.344   ,0.014   ,-0.093  ,-0.039  ,
153, 100000,100000,100000,100000,100000,100000,4.03    ,8.598   ,4.344   ,0.014   ,-0.093  ,-0.039  ,
154, 100000,100000,100000,100000,100000,100000,4.03    ,8.598   ,4.344   ,0.014   ,-0.093  ,-0.039  ,
155, 100000,100000,100000,100000,100000,100000,4.03    ,8.598   ,4.344   ,0.014   ,-0.093  ,-0.039  ,
156, 100000,100000,100000,100000,100000,100000,4.03    ,8.598   ,4.344   ,0.014   ,-0.093  ,-0.039  ,
157, 100000,100000,100000,100000,100000,100000,4.03    ,8.598   ,4.344   ,0.014   ,-0.093  ,-0.039  ,
158, 100000,100000,100000,100000,100000,100000,4.03    ,8.598   ,4.344   ,0.014   ,-0.093  ,-0.039  ,
159, 100000,100000,100000,100000,100000,100000,4.03    ,8.598   ,4.344   ,0.014   ,-0.093  ,-0.039  ,
160, 100000,100000,100000,100000,100000,100000,4.03    ,8.598   ,4.344   ,0.014   ,-0.093  ,-0.039  ,
161, 100000,100000,100000,100000,100000,100000,4.03    ,8.598   ,4.344   ,0.014   ,-0.093  ,-0.039  ,
162, 100000,100000,100000,100000,100000,100000,4.03    ,8.598   ,4.344   ,0.014   ,-0.093  ,-0.039  ,
163, 100000,100000,100000,100000,100000,100000,4.03    ,8.598   ,4.344   ,0.014   ,-0.093  ,-0.039  ,
164, 100000,100000,100000,100000,100000,100000,4.03    ,8.598   ,4.344   ,0.014   ,-0.093  ,-0.039  ,
165, 100000,100000,100000,100000,100000,100000,4.03    ,8.598   ,4.344   ,0.014   ,-0.093  ,-0.039  ,
166, 100000,100000,100000,100000,100000,100000,4.03    ,8.598   ,4.344   ,0.014   ,-0.093  ,-0.039  ,
167, 100000,100000,100000,100000,100000,100000,4.03    ,8.598   ,4.344   ,0.014   ,-0.093  ,-0.039  ,
168, 100000,100000,100000,100000,100000,100000,4.03    ,8.598   ,4.344   ,0.014   ,-0.093  ,-0.039  ,
169, 100000,100000,100000,100000,100000,100000,4.03    ,8.598   ,4.344   ,0.014   ,-0.093  ,-0.039  ,
170, 100000,100000,100000,100000,100000,100000,4.03    ,8.598   ,4.344   ,0.014   ,-0.093  ,-0.039  ,
171, 100000,100000,100000,100000,100000,100000,4.03    ,8.598   ,4.344   ,0.014   ,-0.093  ,-0.039  ,
172, 100000,100000,100000,100000,100000,100000,4.03    ,8.598   ,4.344   ,0.014   ,-0.093  ,-0.039  ,
173, 100000,100000,100000,100000,100000,100000,4.03    ,8.598   ,4.344   ,0.014   ,-0.093  ,-0.039  ,
174, 100000,100000,100000,100000,100000,100000,4.03    ,8.598   ,4.344   ,0.014   ,-0.093  ,-0.039  ,
175, 100000,100000,100000,100000,100000,100000,4.03    ,8.598   ,4.344   ,0.014   ,-0.093  ,-0.039  ,
176, 100000,100000,100000,100000,100000,100000,4.03    ,8.598   ,4.344   ,0.014   ,-0.093  ,-0.039  ,
177, 100000,100000,100000,100000,100000,100000,4.03    ,8.598   ,4.344   ,0.014   ,-0.093  ,-0.039  ,
178, 100000,100000,100000,100000,100000,100000,4.03    ,8.598   ,4.344   ,0.014   ,-0.093  ,-0.039  ,
179, 100000,100000,100000,100000,100000,100000,4.03    ,8.598   ,4.344   ,0.014   ,-0.093  ,-0.039  ,
180, 100000,100000,100000,100000,100000,100000,4.03    ,8.598   ,4.344   ,0.014   ,-0.093  ,-0.039  ,
181, 100000,100000,100000,100000,100000,100000,4.03    ,8.598   ,4.344   ,0.014   ,-0.093  ,-0.039  ,
182, 100000,100000,100000,100000,100000,100000,4.03    ,8.598   ,4.344   ,0.014   ,-0.093  ,-0.039  ,
183, 100000,100000,100000,100000,100000,100000,4.03    ,8.598   ,4.344   ,0.014   ,-0.093  ,-0.039  ,
184, 100000,100000,100000,100000,100000,100000,4.03    ,8.598   ,4.344   ,0.014   ,-0.093  ,-0.039  ,
185, 100000,100000,100000,100000,100000,100000,4.03    ,8.598   ,4.344   ,0.014   ,-0.093  ,-0.039  ,
186, 100000,100000,100000,100000,100000,100000,4.03    ,8.598   ,4.344   ,0.014   ,-0.093  ,-0.039  ,
187, 100000,100000,100000,100000,100000,100000,4.03    ,8.598   ,4.344   ,0.014   ,-0.093  ,-0.039  ,
188, 100000,100000,100000,100000,100000,100000,4.03    ,8.598   ,4.344   ,0.014   ,-0.093  ,-0.039  ,
189, 100000,100000,100000,100000,100000,100000,4.03    ,8.598   ,4.344   ,0.014   ,-0.093  ,-0.039  ,
190, 100000,100000,100000,100000,100000,100000,4.03    ,8.598   ,4.344   ,0.014   ,-0.093  ,-0.039  ,
191, 100000,100000,100000,100000,100000,100000,4.03    ,8.598   ,4.344   ,0.014   ,-0.093  ,-0.039  ,
192, 100000,100000,100000,100000,100000,100000,4.03    ,8.598   ,4.344   ,0.014   ,-0.093  ,-0.039  ,
193, 100000,100000,100000,100000,100000,100000,4.03    ,8.598   ,4.344   ,0.014   ,-0.093  ,-0.039  ,
194, 100000,100000,100000,100000,100000,100000,4.03    ,8.598   ,4.344   ,0.014   ,-0.093  ,-0.039  ,
195, 100000,100000,100000,100000,100000,100000,4.03    ,8.598   ,4.344   ,0.014   ,-0.093  ,-0.039  ,
196, 100000,100000,100000,100000,100000,100000,4.03    ,8.598   ,4.344   ,0.014   ,-0.093  ,-0.039  ,
197, 100000,100000,100000,100000,100000,100000,4.03    ,8.598   ,4.344   ,0.014   ,-0.093  ,-0.039  ,
198, 100000,100000,100000,100000,100000,100000,4.03    ,8.598   ,4.344   ,0.014   ,-0.093  ,-0.039  ,
199, 100000,100000,100000,100000,100000,100000,4.03    ,8.598   ,4.344   ,0.014   ,-0.093  ,-0.039  ,
200, 100000,100000,100000,100000,100000,100000,4.03    ,8.598   ,4.344   ,0.014   ,-0.093  ,-0.039  ,
201, 100000,100000,100000,100000,100000,100000,4.03    ,8.598   ,4.344   ,0.014   ,-0.093  ,-0.039  ,
202, 100000,100000,100000,100000,100000,100000,4.03    ,8.598   ,4.344   ,0.014   ,-0.093  ,-0.039  ,
203, 100000,100000,100000,100000,100000,100000,4.03    ,8.598   ,4.344   ,0.014   ,-0.093  ,-0.039  ,
204, 100000,100000,100000,100000,100000,100000,4.03    ,8.598   ,4.344   ,0.014   ,-0.093  ,-0.039  ,
205, 100000,100000,100000,100000,100000,100000,4.03    ,8.598   ,4.344   ,0.014   ,-0.093  ,-0.039  ,
206, 100000,100000,100000,100000,100000,100000,4.03    ,8.598   ,4.344   ,0.014   ,-0.093  ,-0.039  ,
207, 100000,100000,100000,100000,100000,100000,4.03    ,8.598   ,4.344   ,0.014   ,-0.093  ,-0.039  ,
208, 100000,100000,100000,100000,100000,100000,4.03    ,8.598   ,4.344   ,0.014   ,-0.093  ,-0.039  ,
209, 100000,100000,100000,100000,100000,100000,4.03    ,8.598   ,4.344   ,0.014   ,-0.093  ,-0.039  ,
210, 100000,100000,100000,100000,100000,100000,4.03    ,8.598   ,4.344   ,0.014   ,-0.093  ,-0.039  ,
211, 100000,100000,100000,100000,100000,100000,4.03    ,8.598   ,4.344   ,0.014   ,-0.093  ,-0.039  ,
212, 100000,100000,100000,100000,100000,100000,4.03    ,8.598   ,4.344   ,0.014   ,-0.093  ,-0.039  ,
213, 100000,100000,100000,100000,100000,100000,4.03    ,8.598   ,4.344   ,0.014   ,-0.093  ,-0.039  ,
214, 100000,100000,100000,100000,100000,100000,4.03    ,8.598   ,4.344   ,0.014   ,-0.093  ,-0.039  ,
215, 100000,100000,100000,100000,100000,100000,4.03    ,8.598   ,4.344   ,0.014   ,-0.093  ,-0.039  ,
216, 100000,100000,100000,100000,100000,100000,4.03    ,8.598   ,4.344   ,0.014   ,-0.093  ,-0.039  ,
217, 100000,100000,100000,100000,100000,100000,4.03    ,8.598   ,4.344   ,0.014   ,-0.093  ,-0.039  ,
218, 100000,100000,100000,100000,100000,100000,4.03    ,8.598   ,4.344   ,0.014   ,-0.093  ,-0.039  ,
219, 100000,100000,100000,100000,100000,100000,4.03    ,8.598   ,4.344   ,0.014   ,-0.093  ,-0.039  ,
220, 100000,100000,100000,100000,100000,100000,4.03    ,8.598   ,4.344   ,0.014   ,-0.093  ,-0.039  ,
221, 100000,100000,100000,100000,100000,100000,4.03    ,8.598   ,4.344   ,0.014   ,-0.093  ,-0.039  ,
222, 100000,100000,100000,100000,100000,100000,4.03    ,8.598   ,4.344   ,0.014   ,-0.093  ,-0.039  ,
223, 100000,100000,100000,100000,100000,100000,4.03    ,8.598   ,4.344   ,0.014   ,-0.093  ,-0.039  ,
224, 100000,100000,100000,100000,100000,100000,4.03    ,8.598   ,4.344   ,0.014   ,-0.093  ,-0.039  ,
225, 100000,100000,100000,100000,100000,100000,4.03    ,8.598   ,4.344   ,0.014   ,-0.093  ,-0.039  ,
226, 100000,100000,100000,100000,100000,100000,4.03    ,8.598   ,4.344   ,0.014   ,-0.093  ,-0.039  ,
227, 100000,100000,100000,100000,100000,100000,4.03    ,8.598   ,4.344   ,0.014   ,-0.093  ,-0.039  ,
228, 100000,100000,100000,100000,100000,100000,4.03    ,8.598   ,4.344   ,0.014   ,-0.093  ,-0.039  ,
229, 100000,100000,100000,100000,100000,100000,4.03    ,8.598   ,4.344   ,0.014   ,-0.093  ,-0.039  ,
230, 100000,100000,100000,100000,100000,100000,4.03    ,8.598   ,4.344   ,0.014   ,-0.093  ,-0.039  ,
231, 100000,100000,100000,100000,100000,100000,4.03    ,8.598   ,4.344   ,0.014   ,-0.093  ,-0.039  ,
232, 100000,100000,100000,100000,100000,100000,4.03    ,8.598   ,4.344   ,0.014   ,-0.093  ,-0.039  ,
233, 100000,100000,100000,100000,100000,100000,4.03    ,8.598   ,4.344   ,0.014   ,-0.093  ,-0.039  ,
234, 100000,100000,100000,100000,100000,100000,4.03    ,8.598   ,4.344   ,0.014   ,-0.093  ,-0.039  ,
235, 100000,100000,100000,100000,100000,100000,4.03    ,8.598   ,4.344   ,0.014   ,-0.093  ,-0.039  ,
236, 100000,100000,100000,100000,100000,100000,4.03    ,8.598   ,4.344   ,0.014   ,-0.093  ,-0.039  ,
237, 100000,100000,100000,100000,100000,100000,4.03    ,8.598   ,4.344   ,0.014   ,-0.093  ,-0.039  ,
238, 100000,100000,100000,100000,100000,100000,4.03    ,8.598   ,4.344   ,0.014   ,-0.093  ,-0.039  ,
239, 100000,100000,100000,100000,100000,100000,4.03    ,8.598   ,4.344   ,0.014   ,-0.093  ,-0.039  ,
240, 100000,100000,100000,100000,100000,100000,4.03    ,8.598   ,4.344   ,0.014   ,-0.093  ,-0.039  ,
241, 100000,100000,100000,100000,100000,100000,4.03    ,8.598   ,4.344   ,0.014   ,-0.093  ,-0.039  ,
242, 100000,100000,100000,100000,100000,100000,4.03    ,8.598   ,4.344   ,0.014   ,-0.093  ,-0.039  ,
243, 100000,100000,100000,100000,100000,100000,4.03    ,8.598   ,4.344   ,0.014   ,-0.093  ,-0.039  ,
244, 100000,100000,100000,100000,100000,100000,4.03    ,8.598   ,4.344   ,0.014   ,-0.093  ,-0.039  ,
245, 100000,100000,100000,100000,100000,100000,4.03    ,8.598   ,4.344   ,0.014   ,-0.093  ,-0.039  ,
246, 100000,100000,100000,100000,100000,100000,4.03    ,8.598   ,4.344   ,0.014   ,-0.093  ,-0.039  ,
247, 100000,100000,100000,100000,100000,100000,4.03    ,8.598   ,4.344   ,0.014   ,-0.093  ,-0.039  ,
248, 100000,100000,100000,100000,100000,100000,4.03    ,8.598   ,4.344   ,0.014   ,-0.093  ,-0.039  ,
249, 100000,100000,100000,100000,100000,100000,4.03    ,8.598   ,4.344   ,0.014   ,-0.093  ,-0.039  ,
250, 100000,100000,100000,100000,100000,100000,4.03    ,8.598   ,4.344   ,0.014   ,-0.093  ,-0.039  ,
251, 100000,100000,100000,100000,100000,100000,4.03    ,8.598   ,4.344   ,0.014   ,-0.093  ,-0.039  ,
252, 100000,100000,100000,100000,100000,100000,4.03    ,8.598   ,4.344   ,0.014   ,-0.093  ,-0.039  ,
253, 100000,100000,100000,100000,100000,100000,4.03    ,8.598   ,4.344   ,0.014   ,-0.093  ,-0.039  ,
254, 100000,100000,100000,100000,100000,100000,4.03    ,8.598   ,4.344   ,0.014   ,-0.093  ,-0.039  ,
255, 100000,100000,100000,100000,100000,100000,4.03    ,8.598   ,4.344   ,0.014   ,-0.093  ,-0.039  ,
256, 100000,100000,100000,100000,100000,100000,4.03    ,8.598   ,4.344   ,0.014   ,-0.093  ,-0.039  ,
257, 100000,100000,100000,100000,100000,100000,4.03    ,8.598   ,4.344   ,0.014   ,-0.093  ,-0.039  ,
258, 100000,100000,100000,100000,100000,100000,4.03    ,8.598   ,4.344   ,0.014   ,-0.093  ,-0.039  ,
259, 100000,100000,100000,100000,100000,100000,4.03    ,8.598   ,4.344   ,0.014   ,-0.093  ,-0.039  ,
260, 100000,100000,100000,100000,100000,100000,4.03    ,8.598   ,4.344   ,0.014   ,-0.093  ,-0.039  ,
261, 100000,100000,100000,100000,100000,100000,4.03    ,8.598   ,4.344   ,0.014   ,-0.093  ,-0.039  ,
262, 100000,100000,100000,100000,100000,100000,4.03    ,8.598   ,4.344   ,0.014   ,-0.093  ,-0.039  ,
263, 100000,100000,100000,100000,100000,100000,4.03    ,8.598   ,4.344   ,0.014   ,-0.093  ,-0.039  ,
264, 100000,100000,100000,100000,100000,100000,4.03    ,8.598   ,4.344   ,0.014   ,-0.093  ,-0.039  ,
265, 100000,100000,100000,100000,100000,100000,4.03    ,8.598   ,4.344   ,0.014   ,-0.093  ,-0.039  ,
266, 100000,100000,100000,100000,100000,100000,4.03    ,8.598   ,4.344   ,0.014   ,-0.093  ,-0.039  ,
267, 100000,100000,100000,100000,100000,100000,4.03    ,8.598   ,4.344   ,0.014   ,-0.093  ,-0.039  ,
268, 100000,100000,100000,100000,100000,100000,4.03    ,8.598   ,4.344   ,0.014   ,-0.093  ,-0.039  ,
269, 100000,100000,100000,100000,100000,100000,4.03    ,8.598   ,4.344   ,0.014   ,-0.093  ,-0.039  ,
270, 100000,100000,100000,100000,100000,100000,4.03    ,8.598   ,4.344   ,0.014   ,-0.093  ,-0.039  ,
271, 100000,100000,100000,100000,100000,100000,4.03    ,8.598   ,4.344   ,0.014   ,-0.093  ,-0.039  ,
272, 100000,100000,100000,100000,100000,100000,4.03    ,8.598   ,4.344   ,0.014   ,-0.093  ,-0.039  ,
273, 100000,100000,100000,100000,100000,100000,4.03    ,8.598   ,4.344   ,0.014   ,-0.093  ,-0.039  ,
274, 100000,100000,100000,100000,100000,100000,4.03    ,8.598   ,4.344   ,0.014   ,-0.093  ,-0.039  ,
275, 100000,100000,100000,100000,100000,100000,4.03    ,8.598   ,4.344   ,0.014   ,-0.093  ,-0.039  ,
276, 100000,100000,100000,100000,100000,100000,4.03    ,8.598   ,4.344   ,0.014   ,-0.093  ,-0.039  ,
277, 100000,100000,100000,100000,100000,100000,4.03    ,8.598   ,4.344   ,0.014   ,-0.093  ,-0.039  ,
278, 100000,100000,100000,100000,100000,100000,4.03    ,8.598   ,4.344   ,0.014   ,-0.093  ,-0.039  ,
279, 100000,100000,100000,100000,100000,100000,4.03    ,8.598   ,4.344   ,0.014   ,-0.093  ,-0.039  ,
280, 100000,100000,100000,100000,100000,100000,4.03    ,8.598   ,4.344   ,0.014   ,-0.093  ,-0.039  ,
281, 100000,100000,100000,100000,100000,100000,4.03    ,8.598   ,4.344   ,0.014   ,-0.093  ,-0.039  ,
282, 100000,100000,100000,100000,100000,100000,4.03    ,8.598   ,4.344   ,0.014   ,-0.093  ,-0.039  ,
283, 100000,100000,100000,100000,100000,100000,4.03    ,8.598   ,4.344   ,0.014   ,-0.093  ,-0.039  ,
284, 100000,100000,100000,100000,100000,100000,4.03    ,8.598   ,4.344   ,0.014   ,-0.093  ,-0.039  ,
285, 100000,100000,100000,100000,100000,100000,4.03    ,8.598   ,4.344   ,0.014   ,-0.093  ,-0.039  ,
286, 100000,100000,100000,100000,100000,100000,4.03    ,8.598   ,4.344   ,0.014   ,-0.093  ,-0.039  ,
287, 100000,100000,100000,100000,100000,100000,4.03    ,8.598   ,4.344   ,0.014   ,-0.093  ,-0.039  ,
288, 100000,100000,100000,100000,100000,100000,4.03    ,8.598   ,4.344   ,0.014   ,-0.093  ,-0.039  ,
289, 100000,100000,100000,100000,100000,100000,4.03    ,8.598   ,4.344   ,0.014   ,-0.093  ,-0.039  ,
290, 100000,100000,100000,100000,100000,100000,4.03    ,8.598   ,4.344   ,0.014   ,-0.093  ,-0.039  ,
291, 100000,100000,100000,100000,100000,100000,4.03    ,8.598   ,4.344   ,0.014   ,-0.093  ,-0.039  ,
292, 100000,100000,100000,100000,100000,100000,4.03    ,8.598   ,4.344   ,0.014   ,-0.093  ,-0.039  ,
293, 100000,100000,100000,100000,100000,100000,4.03    ,8.598   ,4.344   ,0.014   ,-0.093  ,-0.039  ,
294, 100000,100000,100000,100000,100000,100000,4.03    ,8.598   ,4.344   ,0.014   ,-0.093  ,-0.039  ,
295, 100000,100000,100000,100000,100000,100000,4.03    ,8.598   ,4.344   ,0.014   ,-0.093  ,-0.039  ,
296, 100000,100000,100000,100000,100000,100000,4.03    ,8.598   ,4.344   ,0.014   ,-0.093  ,-0.039  ,
297, 100000,100000,100000,100000,100000,100000,4.03    ,8.598   ,4.344   ,0.014   ,-0.093  ,-0.039  ,
298, 100000,100000,100000,100000,100000,100000,4.03    ,8.598   ,4.344   ,0.014   ,-0.093  ,-0.039  ,
299, 100000,100000,100000,100000,100000,100000,4.03    ,8.598   ,4.344   ,0.014   ,-0.093  ,-0.039  ,
300, 100000,100000,100000,100000,100000,100000,4.03    ,8.598   ,4.344   ,0.014   ,-0.093  ,-0.039  ,
301, 100000,100000,100000,100000,100000,100000,4.03    ,8.598   ,4.344   ,0.014   ,-0.093  ,-0.039  ,
302, 100000,100000,100000,100000,100000,100000,4.03    ,8.598   ,4.344   ,0.014   ,-0.093  ,-0.039  ,
303, 100000,100000,100000,100000,100000,100000,4.03    ,8.598   ,4.344   ,0.014   ,-0.093  ,-0.039  ,
304, 100000,100000,100000,100000,100000,100000,4.03    ,8.598   ,4.344   ,0.014   ,-0.093  ,-0.039  ,
305, 100000,100000,100000,100000,100000,100000,4.03    ,8.598   ,4.344   ,0.014   ,-0.093  ,-0.039  ,
306, 100000,100000,100000,100000,100000,100000,4.03    ,8.598   ,4.344   ,0.014   ,-0.093  ,-0.039  ,
307, 100000,100000,100000,100000,100000,100000,4.03    ,8.598   ,4.344   ,0.014   ,-0.093  ,-0.039  ,
308, 100000,100000,100000,100000,100000,100000,4.03    ,8.598   ,4.344   ,0.014   ,-0.093  ,-0.039  ,
309, 100000,100000,100000,100000,100000,100000,4.03    ,8.598   ,4.344   ,0.014   ,-0.093  ,-0.039  ,
310, 100000,100000,100000,100000,100000,100000,4.03    ,8.598   ,4.344   ,0.014   ,-0.093  ,-0.039  ,
311, 100000,100000,100000,100000,100000,100000,4.03    ,8.598   ,4.344   ,0.014   ,-0.093  ,-0.039  ,
312, 100000,100000,100000,100000,100000,100000,4.03    ,8.598   ,4.344   ,0.014   ,-0.093  ,-0.039  ,
313, 100000,100000,100000,100000,100000,100000,4.03    ,8.598   ,4.344   ,0.014   ,-0.093  ,-0.039  ,
314, 100000,100000,100000,100000,100000,100000,4.03    ,8.598   ,4.344   ,0.014   ,-0.093  ,-0.039  ,
315, 100000,100000,100000,100000,100000,100000,4.03    ,8.598   ,4.344   ,0.014   ,-0.093  ,-0.039  ,
316, 100000,100000,100000,100000,100000,100000,4.03    ,8.598   ,4.344   ,0.014   ,-0.093  ,-0.039  ,
317, 100000,100000,100000,100000,100000,100000,4.03    ,8.598   ,4.344   ,0.014   ,-0.093  ,-0.039  ,
318, 100000,100000,100000,100000,100000,100000,4.03    ,8.598   ,4.344   ,0.014   ,-0.093  ,-0.039  ,
319, 100000,100000,100000,100000,100000,100000,4.03    ,8.598   ,4.344   ,0.014   ,-0.093  ,-0.039  ,
320, 100000,100000,100000,100000,100000,100000,4.03    ,8.598   ,4.344   ,0.014   ,-0.093  ,-0.039  ,
321, 100000,100000,100000,100000,100000,100000,4.03    ,8.598   ,4.344   ,0.014   ,-0.093  ,-0.039  ,
322, 100000,100000,100000,100000,100000,100000,4.03    ,8.598   ,4.344   ,0.014   ,-0.093  ,-0.039  ,
323, 100000,100000,100000,100000,100000,100000,4.03    ,8.598   ,4.344   ,0.014   ,-0.093  ,-0.039  ,
324, 100000,100000,100000,100000,100000,100000,4.03    ,8.598   ,4.344   ,0.014   ,-0.093  ,-0.039  ,
325, 100000,100000,100000,100000,100000,100000,4.03    ,8.598   ,4.344   ,0.014   ,-0.093  ,-0.039  ,
326, 100000,100000,100000,100000,100000,100000,4.03    ,8.598   ,4.344   ,0.014   ,-0.093  ,-0.039  ,
327, 100000,100000,100000,100000,100000,100000,4.03    ,8.598   ,4.344   ,0.014   ,-0.093  ,-0.039  ,
328, 100000,100000,100000,100000,100000,100000,4.03    ,8.598   ,4.344   ,0.014   ,-0.093  ,-0.039  ,
329, 100000,100000,100000,100000,100000,100000,4.03    ,8.598   ,4.344   ,0.014   ,-0.093  ,-0.039  ,
330, 100000,100000,100000,100000,100000,100000,4.03    ,8.598   ,4.344   ,0.014   ,-0.093  ,-0.039  ,
331, 100000,100000,100000,100000,100000,100000,4.03    ,8.598   ,4.344   ,0.014   ,-0.093  ,-0.039  ,
332, 100000,100000,100000,100000,100000,100000,4.03    ,8.598   ,4.344   ,0.014   ,-0.093  ,-0.039  ,
333, 100000,100000,100000,100000,100000,100000,4.03    ,8.598   ,4.344   ,0.014   ,-0.093  ,-0.039  ,
334, 100000,100000,100000,100000,100000,100000,4.03    ,8.598   ,4.344   ,0.014   ,-0.093  ,-0.039  ,
335, 100000,100000,100000,100000,100000,100000,4.03    ,8.598   ,4.344   ,0.014   ,-0.093  ,-0.039  ,
336, 100000,100000,100000,100000,100000,100000,4.03    ,8.598   ,4.344   ,0.014   ,-0.093  ,-0.039  ,
337, 100000,100000,100000,100000,100000,100000,4.03    ,8.598   ,4.344   ,0.014   ,-0.093  ,-0.039  ,
338, 100000,100000,100000,100000,100000,100000,4.03    ,8.598   ,4.344   ,0.014   ,-0.093  ,-0.039  ,
339, 100000,100000,100000,100000,100000,100000,4.03    ,8.598   ,4.344   ,0.014   ,-0.093  ,-0.039  ,
340, 100000,100000,100000,100000,100000,100000,4.03    ,8.598   ,4.344   ,0.014   ,-0.093  ,-0.039  ,
341, 100000,100000,100000,100000,100000,100000,4.03    ,8.598   ,4.344   ,0.014   ,-0.093  ,-0.039  ,
342, 100000,100000,100000,100000,100000,100000,4.03    ,8.598   ,4.344   ,0.014   ,-0.093  ,-0.039  ,
343, 100000,100000,100000,100000,100000,100000,4.03    ,8.598   ,4.344   ,0.014   ,-0.093  ,-0.039  ,
344, 100000,100000,100000,100000,100000,100000,4.03    ,8.598   ,4.344   ,0.014   ,-0.093  ,-0.039  ,
345, 100000,100000,100000,100000,100000,100000,4.03    ,8.598   ,4.344   ,0.014   ,-0.093  ,-0.039  ,
346, 100000,100000,100000,100000,100000,100000,4.03    ,8.598   ,4.344   ,0.014   ,-0.093  ,-0.039  ,
347, 100000,100000,100000,100000,100000,100000,4.03    ,8.598   ,4.344   ,0.014   ,-0.093  ,-0.039  ,
348, 100000,100000,100000,100000,100000,100000,4.03    ,8.598   ,4.344   ,0.014   ,-0.093  ,-0.039  ,
349, 100000,100000,100000,100000,100000,100000,4.03    ,8.598   ,4.344   ,0.014   ,-0.093  ,-0.039  ,
350, 100000,100000,100000,100000,100000,100000,4.03    ,8.598   ,4.344   ,0.014   ,-0.093  ,-0.039  ,
351, 100000,100000,100000,100000,100000,100000,4.03    ,8.598   ,4.344   ,0.014   ,-0.093  ,-0.039  ,
352, 100000,100000,100000,100000,100000,100000,4.03    ,8.598   ,4.344   ,0.014   ,-0.093  ,-0.039  ,
353, 100000,100000,100000,100000,100000,100000,4.03    ,8.598   ,4.344   ,0.014   ,-0.093  ,-0.039  ,
354, 100000,100000,100000,100000,100000,100000,4.03    ,8.598   ,4.344   ,0.014   ,-0.093  ,-0.039  ,
355, 100000,100000,100000,100000,100000,100000,4.03    ,8.598   ,4.344   ,0.014   ,-0.093  ,-0.039  ,
356, 100000,100000,100000,100000,100000,100000,4.03    ,8.598   ,4.344   ,0.014   ,-0.093  ,-0.039  ,
357, 100000,100000,100000,100000,100000,100000,4.03    ,8.598   ,4.344   ,0.014   ,-0.093  ,-0.039  ,
358, 100000,100000,100000,100000,100000,100000,4.03    ,8.598   ,4.344   ,0.014   ,-0.093  ,-0.039  ,
359, 100000,100000,100000,100000,100000,100000,4.03    ,8.598   ,4.344   ,0.014   ,-0.093  ,-0.039  ,
360, 100000,100000,100000,100000,100000,100000,4.03    ,8.598   ,4.344   ,0.014   ,-0.093  ,-0.039  ,
361, 100000,100000,100000,100000,100000,100000,4.03    ,8.598   ,4.344   ,0.014   ,-0.093  ,-0.039  ,
362, 100000,100000,100000,100000,100000,100000,4.03    ,8.598   ,4.344   ,0.014   ,-0.093  ,-0.039  ,
363, 100000,100000,100000,100000,100000,100000,4.03    ,8.598   ,4.344   ,0.014   ,-0.093  ,-0.039  ,
364, 100000,100000,100000,100000,100000,100000,4.03    ,8.598   ,4.344   ,0.014   ,-0.093  ,-0.039  ,
365, 100000,100000,100000,100000,100000,100000,4.03    ,8.598   ,4.344   ,0.014   ,-0.093  ,-0.039  ,
366, 100000,100000,100000,100000,100000,100000,4.03    ,8.598   ,4.344   ,0.014   ,-0.093  ,-0.039  ,
367, 100000,100000,100000,100000,100000,100000,4.03    ,8.598   ,4.344   ,0.014   ,-0.093  ,-0.039  ,
368, 100000,100000,100000,100000,100000,100000,4.03    ,8.598   ,4.344   ,0.014   ,-0.093  ,-0.039  ,
369, 100000,100000,100000,100000,100000,100000,4.03    ,8.598   ,4.344   ,0.014   ,-0.093  ,-0.039  ,
370, 100000,100000,100000,100000,100000,100000,4.03    ,8.598   ,4.344   ,0.014   ,-0.093  ,-0.039  ,
371, 100000,100000,100000,100000,100000,100000,4.03    ,8.598   ,4.344   ,0.014   ,-0.093  ,-0.039  ,
372, 100000,100000,100000,100000,100000,100000,4.03    ,8.598   ,4.344   ,0.014   ,-0.093  ,-0.039  ,
373, 100000,100000,100000,100000,100000,100000,4.03    ,8.598   ,4.344   ,0.014   ,-0.093  ,-0.039  ,
374, 100000,100000,100000,100000,100000,100000,4.03    ,8.598   ,4.344   ,0.014   ,-0.093  ,-0.039  ,
375, 100000,100000,100000,100000,100000,100000,4.03    ,8.598   ,4.344   ,0.014   ,-0.093  ,-0.039  ,
376, 100000,100000,100000,100000,100000,100000,4.03    ,8.598   ,4.344   ,0.014   ,-0.093  ,-0.039  ,
377, 100000,100000,100000,100000,100000,100000,4.03    ,8.598   ,4.344   ,0.014   ,-0.093  ,-0.039  ,
378, 100000,100000,100000,100000,100000,100000,4.03    ,8.598   ,4.344   ,0.014   ,-0.093  ,-0.039  ,
379, 100000,100000,100000,100000,100000,100000,4.03    ,8.598   ,4.344   ,0.014   ,-0.093  ,-0.039  ,
380, 100000,100000,100000,100000,100000,100000,4.03    ,8.598   ,4.344   ,0.014   ,-0.093  ,-0.039  ,
381, 100000,100000,100000,100000,100000,100000,4.03    ,8.598   ,4.344   ,0.014   ,-0.093  ,-0.039  ,
382, 100000,100000,100000,100000,100000,100000,4.03    ,8.598   ,4.344   ,0.014   ,-0.093  ,-0.039  ,
383, 100000,100000,100000,100000,100000,100000,4.03    ,8.598   ,4.344   ,0.014   ,-0.093  ,-0.039  ,
384, 100000,100000,100000,100000,100000,100000,4.03    ,8.598   ,4.344   ,0.014   ,-0.093  ,-0.039  ,
385, 100000,100000,100000,100000,100000,100000,4.03    ,8.598   ,4.344   ,0.014   ,-0.093  ,-0.039  ,
386, 100000,100000,100000,100000,100000,100000,4.03    ,8.598   ,4.344   ,0.014   ,-0.093  ,-0.039  ,
387, 100000,100000,100000,100000,100000,100000,4.03    ,8.598   ,4.344   ,0.014   ,-0.093  ,-0.039  ,
388, 100000,100000,100000,100000,100000,100000,4.03    ,8.598   ,4.344   ,0.014   ,-0.093  ,-0.039  ,
389, 100000,100000,100000,100000,100000,100000,4.03    ,8.598   ,4.344   ,0.014   ,-0.093  ,-0.039  ,
390, 100000,100000,100000,100000,100000,100000,4.03    ,8.598   ,4.344   ,0.014   ,-0.093  ,-0.039  ,
391, 100000,100000,100000,100000,100000,100000,4.03    ,8.598   ,4.344   ,0.014   ,-0.093  ,-0.039  ,
392, 100000,100000,100000,100000,100000,100000,4.03    ,8.598   ,4.344   ,0.014   ,-0.093  ,-0.039  ,
393, 100000,100000,100000,100000,100000,100000,4.03    ,8.598   ,4.344   ,0.014   ,-0.093  ,-0.039  ,
394, 100000,100000,100000,100000,100000,100000,4.03    ,8.598   ,4.344   ,0.014   ,-0.093  ,-0.039  ,
395, 100000,100000,100000,100000,100000,100000,4.03    ,8.598   ,4.344   ,0.014   ,-0.093  ,-0.039  ,
396, 100000,100000,100000,100000,100000,100000,4.03    ,8.598   ,4.344   ,0.014   ,-0.093  ,-0.039  ,
397, 100000,100000,100000,100000,100000,100000,4.03    ,8.598   ,4.344   ,0.014   ,-0.093  ,-0.039  ,
398, 100000,100000,100000,100000,100000,100000,4.03    ,8.598   ,4.344   ,0.014   ,-0.093  ,-0.039  ,
399, 100000,100000,100000,100000,100000,100000,4.03    ,8.598   ,4.344   ,0.014   ,-0.093  ,-0.039  ,
400, 100000,100000,100000,100000,100000,100000,4.03    ,8.598   ,4.344   ,0.014   ,-0.093  ,-0.039  ,
401, 100000,100000,100000,100000,100000,100000,4.03    ,8.598   ,4.344   ,0.014   ,-0.093  ,-0.039  ,
402, 100000,100000,100000,100000,100000,100000,4.03    ,8.598   ,4.344   ,0.014   ,-0.093  ,-0.039  ,
403, 100000,100000,100000,100000,100000,100000,4.03    ,8.598   ,4.344   ,0.014   ,-0.093  ,-0.039  ,
404, 100000,100000,100000,100000,100000,100000,4.03    ,8.598   ,4.344   ,0.014   ,-0.093  ,-0.039  ,
405, 100000,100000,100000,100000,100000,100000,4.03    ,8.598   ,4.344   ,0.014   ,-0.093  ,-0.039  ,
406, 100000,100000,100000,100000,100000,100000,4.03    ,8.598   ,4.344   ,0.014   ,-0.093  ,-0.039  ,
407, 100000,100000,100000,100000,100000,100000,4.03    ,8.598   ,4.344   ,0.014   ,-0.093  ,-0.039  ,
408, 100000,100000,100000,100000,100000,100000,4.03    ,8.598   ,4.344   ,0.014   ,-0.093  ,-0.039  ,
409, 100000,100000,100000,100000,100000,100000,4.03    ,8.598   ,4.344   ,0.014   ,-0.093  ,-0.039  ,
410, 100000,100000,100000,100000,100000,100000,4.03    ,8.598   ,4.344   ,0.014   ,-0.093  ,-0.039  ,
411, 100000,100000,100000,100000,100000,100000,4.03    ,8.598   ,4.344   ,0.014   ,-0.093  ,-0.039  ,
412, 100000,100000,100000,100000,100000,100000,4.03    ,8.598   ,4.344   ,0.014   ,-0.093  ,-0.039  ,
413, 100000,100000,100000,100000,100000,100000,4.03    ,8.598   ,4.344   ,0.014   ,-0.093  ,-0.039  ,
414, 100000,100000,100000,100000,100000,100000,4.03    ,8.598   ,4.344   ,0.014   ,-0.093  ,-0.039  ,
415, 100000,100000,100000,100000,100000,100000,4.03    ,8.598   ,4.344   ,0.014   ,-0.093  ,-0.039  ,
416, 100000,100000,100000,100000,100000,100000,4.03    ,8.598   ,4.344   ,0.014   ,-0.093  ,-0.039  ,
417, 100000,100000,100000,100000,100000,100000,4.03    ,8.598   ,4.344   ,0.014   ,-0.093  ,-0.039  ,
418, 100000,100000,100000,100000,100000,100000,4.03    ,8.598   ,4.344   ,0.014   ,-0.093  ,-0.039  ,
419, 100000,100000,100000,100000,100000,100000,4.03    ,8.598   ,4.344   ,0.014   ,-0.093  ,-0.039  ,
420, 100000,100000,100000,100000,100000,100000,4.03    ,8.598   ,4.344   ,0.014   ,-0.093  ,-0.039  ,
421, 100000,100000,100000,100000,100000,100000,4.03    ,8.598   ,4.344   ,0.014   ,-0.093  ,-0.039  ,
422, 100000,100000,100000,100000,100000,100000,4.03    ,8.598   ,4.344   ,0.014   ,-0.093  ,-0.039  ,
423, 100000,100000,100000,100000,100000,100000,4.03    ,8.598   ,4.344   ,0.014   ,-0.093  ,-0.039  ,
424, 100000,100000,100000,100000,100000,100000,4.03    ,8.598   ,4.344   ,0.014   ,-0.093  ,-0.039  ,
425, 100000,100000,100000,100000,100000,100000,4.03    ,8.598   ,4.344   ,0.014   ,-0.093  ,-0.039  ,
426, 100000,100000,100000,100000,100000,100000,4.03    ,8.598   ,4.344   ,0.014   ,-0.093  ,-0.039  ,
427, 100000,100000,100000,100000,100000,100000,4.03    ,8.598   ,4.344   ,0.014   ,-0.093  ,-0.039  ,
428, 100000,100000,100000,100000,100000,100000,4.03    ,8.598   ,4.344   ,0.014   ,-0.093  ,-0.039  ,
429, 100000,100000,100000,100000,100000,100000,4.03    ,8.598   ,4.344   ,0.014   ,-0.093  ,-0.039  ,
430, 100000,100000,100000,100000,100000,100000,4.03    ,8.598   ,4.344   ,0.014   ,-0.093  ,-0.039  ,
431, 100000,100000,100000,100000,100000,100000,4.03    ,8.598   ,4.344   ,0.014   ,-0.093  ,-0.039  ,
432, 100000,100000,100000,100000,100000,100000,4.03    ,8.598   ,4.344   ,0.014   ,-0.093  ,-0.039  ,
433, 100000,100000,100000,100000,100000,100000,4.03    ,8.598   ,4.344   ,0.014   ,-0.093  ,-0.039  ,
434, 100000,100000,100000,100000,100000,100000,4.03    ,8.598   ,4.344   ,0.014   ,-0.093  ,-0.039  ,
435, 100000,100000,100000,100000,100000,100000,4.03    ,8.598   ,4.344   ,0.014   ,-0.093  ,-0.039  ,
436, 100000,100000,100000,100000,100000,100000,4.03    ,8.598   ,4.344   ,0.014   ,-0.093  ,-0.039  ,
437, 100000,100000,100000,100000,100000,100000,4.03    ,8.598   ,4.344   ,0.014   ,-0.093  ,-0.039  ,
438, 100000,100000,100000,100000,100000,100000,4.03    ,8.598   ,4.344   ,0.014   ,-0.093  ,-0.039  ,
439, 100000,100000,100000,100000,100000,100000,4.03    ,8.598   ,4.344   ,0.014   ,-0.093  ,-0.039  ,
440, 100000,100000,100000,100000,100000,100000,4.03    ,8.598   ,4.344   ,0.014   ,-0.093  ,-0.039  ,
441, 100000,100000,100000,100000,100000,100000,4.03    ,8.598   ,4.344   ,0.014   ,-0.093  ,-0.039  ,
442, 100000,100000,100000,100000,100000,100000,4.03    ,8.598   ,4.344   ,0.014   ,-0.093  ,-0.039  ,
443, 100000,100000,100000,100000,100000,100000,4.03    ,8.598   ,4.344   ,0.014   ,-0.093  ,-0.039  ,
444, 100000,100000,100000,100000,100000,100000,4.03    ,8.598   ,4.344   ,0.014   ,-0.093  ,-0.039  ,
445, 100000,100000,100000,100000,100000,100000,4.03    ,8.598   ,4.344   ,0.014   ,-0.093  ,-0.039  ,
446, 100000,100000,100000,100000,100000,100000,4.03    ,8.598   ,4.344   ,0.014   ,-0.093  ,-0.039  ,
447, 100000,100000,100000,100000,100000,100000,4.03    ,8.598   ,4.344   ,0.014   ,-0.093  ,-0.039  ,
448, 100000,100000,100000,100000,100000,100000,4.03    ,8.598   ,4.344   ,0.014   ,-0.093  ,-0.039  ,
449, 100000,100000,100000,100000,100000,100000,4.03    ,8.598   ,4.344   ,0.014   ,-0.093  ,-0.039  ,
450, 100000,100000,100000,100000,100000,100000,4.03    ,8.598   ,4.344   ,0.014   ,-0.093  ,-0.039  ,
451, 100000,100000,100000,100000,100000,100000,4.03    ,8.598   ,4.344   ,0.014   ,-0.093  ,-0.039  ,
452, 100000,100000,100000,100000,100000,100000,4.03    ,8.598   ,4.344   ,0.014   ,-0.093  ,-0.039  ,
453, 100000,100000,100000,100000,100000,100000,4.03    ,8.598   ,4.344   ,0.014   ,-0.093  ,-0.039  ,
454, 100000,100000,100000,100000,100000,100000,4.03    ,8.598   ,4.344   ,0.014   ,-0.093  ,-0.039  ,
455, 100000,100000,100000,100000,100000,100000,4.03    ,8.598   ,4.344   ,0.014   ,-0.093  ,-0.039  ,
456, 100000,100000,100000,100000,100000,100000,4.03    ,8.598   ,4.344   ,0.014   ,-0.093  ,-0.039  ,
457, 100000,100000,100000,100000,100000,100000,4.03    ,8.598   ,4.344   ,0.014   ,-0.093  ,-0.039  ,
458, 100000,100000,100000,100000,100000,100000,4.03    ,8.598   ,4.344   ,0.014   ,-0.093  ,-0.039  ,
459, 100000,100000,100000,100000,100000,100000,4.03    ,8.598   ,4.344   ,0.014   ,-0.093  ,-0.039  ,
460, 100000,100000,100000,100000,100000,100000,4.03    ,8.598   ,4.344   ,0.014   ,-0.093  ,-0.039  ,
461, 100000,100000,100000,100000,100000,100000,4.03    ,8.598   ,4.344   ,0.014   ,-0.093  ,-0.039  ,
462, 100000,100000,100000,100000,100000,100000,4.03    ,8.598   ,4.344   ,0.014   ,-0.093  ,-0.039  ,
463, 100000,100000,100000,100000,100000,100000,4.03    ,8.598   ,4.344   ,0.014   ,-0.093  ,-0.039  ,
464, 100000,100000,100000,100000,100000,100000,4.03    ,8.598   ,4.344   ,0.014   ,-0.093  ,-0.039  ,
465, 100000,100000,100000,100000,100000,100000,4.03    ,8.598   ,4.344   ,0.014   ,-0.093  ,-0.039  ,
466, 100000,100000,100000,100000,100000,100000,4.03    ,8.598   ,4.344   ,0.014   ,-0.093  ,-0.039  ,
467, 100000,100000,100000,100000,100000,100000,4.03    ,8.598   ,4.344   ,0.014   ,-0.093  ,-0.039  ,
468, 100000,100000,100000,100000,100000,100000,4.03    ,8.598   ,4.344   ,0.014   ,-0.093  ,-0.039  ,
469, 100000,100000,100000,100000,100000,100000,4.03    ,8.598   ,4.344   ,0.014   ,-0.093  ,-0.039  ,
470, 100000,100000,100000,100000,100000,100000,4.03    ,8.598   ,4.344   ,0.014   ,-0.093  ,-0.039  ,
471, 100000,100000,100000,100000,100000,100000,4.03    ,8.598   ,4.344   ,0.014   ,-0.093  ,-0.039  ,
472, 100000,100000,100000,100000,100000,100000,4.03    ,8.598   ,4.344   ,0.014   ,-0.093  ,-0.039  ,
473, 100000,100000,100000,100000,100000,100000,4.03    ,8.598   ,4.344   ,0.014   ,-0.093  ,-0.039  ,
474, 100000,100000,100000,100000,100000,100000,4.03    ,8.598   ,4.344   ,0.014   ,-0.093  ,-0.039  ,
475, 100000,100000,100000,100000,100000,100000,4.03    ,8.598   ,4.344   ,0.014   ,-0.093  ,-0.039  ,
476, 100000,100000,100000,100000,100000,100000,4.03    ,8.598   ,4.344   ,0.014   ,-0.093  ,-0.039  ,
477, 100000,100000,100000,100000,100000,100000,4.03    ,8.598   ,4.344   ,0.014   ,-0.093  ,-0.039  ,
478, 100000,100000,100000,100000,100000,100000,4.03    ,8.598   ,4.344   ,0.014   ,-0.093  ,-0.039  ,
479, 100000,100000,100000,100000,100000,100000,4.03    ,8.598   ,4.344   ,0.014   ,-0.093  ,-0.039  ,
480, 100000,100000,100000,100000,100000,100000,4.03    ,8.598   ,4.344   ,0.014   ,-0.093  ,-0.039  ,
481, 100000,100000,100000,100000,100000,100000,4.03    ,8.598   ,4.344   ,0.014   ,-0.093  ,-0.039  ,
482, 100000,100000,100000,100000,100000,100000,4.03    ,8.598   ,4.344   ,0.014   ,-0.093  ,-0.039  ,
483, 100000,100000,100000,100000,100000,100000,4.03    ,8.598   ,4.344   ,0.014   ,-0.093  ,-0.039  ,
484, 100000,100000,100000,100000,100000,100000,4.03    ,8.598   ,4.344   ,0.014   ,-0.093  ,-0.039  ,
485, 100000,100000,100000,100000,100000,100000,4.03    ,8.598   ,4.344   ,0.014   ,-0.093  ,-0.039  ,
486, 100000,100000,100000,100000,100000,100000,4.03    ,8.598   ,4.344   ,0.014   ,-0.093  ,-0.039  ,
487, 100000,100000,100000,100000,100000,100000,4.03    ,8.598   ,4.344   ,0.014   ,-0.093  ,-0.039  ,
488, 100000,100000,100000,100000,100000,100000,4.03    ,8.598   ,4.344   ,0.014   ,-0.093  ,-0.039  ,
489, 100000,100000,100000,100000,100000,100000,4.03    ,8.598   ,4.344   ,0.014   ,-0.093  ,-0.039  ,
490, 100000,100000,100000,100000,100000,100000,4.03    ,8.598   ,4.344   ,0.014   ,-0.093  ,-0.039  ,
491, 100000,100000,100000,100000,100000,100000,4.03    ,8.598   ,4.344   ,0.014   ,-0.093  ,-0.039  ,
492, 100000,100000,100000,100000,100000,100000,4.03    ,8.598   ,4.344   ,0.014   ,-0.093  ,-0.039  ,
493, 100000,100000,100000,100000,100000,100000,4.03    ,8.598   ,4.344   ,0.014   ,-0.093  ,-0.039  ,
494, 100000,100000,100000,100000,100000,100000,4.03    ,8.598   ,4.344   ,0.014   ,-0.093  ,-0.039  ,
495, 100000,100000,100000,100000,100000,100000,4.03    ,8.598   ,4.344   ,0.014   ,-0.093  ,-0.039  ,
496, 100000,100000,100000,100000,100000,100000,4.03    ,8.598   ,4.344   ,0.014   ,-0.093  ,-0.039  ,
497, 100000,100000,100000,100000,100000,100000,4.03    ,8.598   ,4.344   ,0.014   ,-0.093  ,-0.039  ,
498, 100000,100000,100000,100000,100000,100000,4.03    ,8.598   ,4.344   ,0.014   ,-0.093  ,-0.039  ,
499, 100000,100000,100000,100000,100000,100000,4.03    ,8.598   ,4.344   ,0.014   ,-0.093  ,-0.039  ,
500, 100000,100000,100000,100000,100000,100000,4.03    ,8.598   ,4.344   ,0.014   ,-0.093  ,-0.039  ,
501, 100000,100000,100000,100000,100000,100000,4.03    ,8.598   ,4.344   ,0.014   ,-0.093  ,-0.039  ,
502, 100000,100000,100000,100000,100000,100000,4.03    ,8.598   ,4.344   ,0.014   ,-0.093  ,-0.039  ,
503, 100000,100000,100000,100000,100000,100000,4.03    ,8.598   ,4.344   ,0.014   ,-0.093  ,-0.039  ,
504, 100000,100000,100000,100000,100000,100000,4.03    ,8.598   ,4.344   ,0.014   ,-0.093  ,-0.039  ,
505, 100000,100000,100000,100000,100000,100000,4.03    ,8.598   ,4.344   ,0.014   ,-0.093  ,-0.039  ,
506, 100000,100000,100000,100000,100000,100000,4.03    ,8.598   ,4.344   ,0.014   ,-0.093  ,-0.039  ,
507, 100000,100000,100000,100000,100000,100000,4.03    ,8.598   ,4.344   ,0.014   ,-0.093  ,-0.039  ,
508, 100000,100000,100000,100000,100000,100000,4.03    ,8.598   ,4.344   ,0.014   ,-0.093  ,-0.039  ,
509, 100000,100000,100000,100000,100000,100000,4.03    ,8.598   ,4.344   ,0.014   ,-0.093  ,-0.039  ,
510, 100000,100000,100000,100000,100000,100000,4.03    ,8.598   ,4.344   ,0.014   ,-0.093  ,-0.039  ,
511, 100000,100000,100000,100000,100000,100000,4.03    ,8.598   ,4.344   ,0.014   ,-0.093  ,-0.039  ,
512, 100000,100000,100000,100000,100000,100000,4.03    ,8.598   ,4.344   ,0.014   ,-0.093  ,-0.039  ,
513, 100000,100000,100000,100000,100000,100000,4.03    ,8.598   ,4.344   ,0.014   ,-0.093  ,-0.039  ,
514, 100000,100000,100000,100000,100000,100000,4.03    ,8.598   ,4.344   ,0.014   ,-0.093  ,-0.039  ,
515, 100000,100000,100000,100000,100000,100000,4.03    ,8.598   ,4.344   ,0.014   ,-0.093  ,-0.039  ,
516, 100000,100000,100000,100000,100000,100000,4.03    ,8.598   ,4.344   ,0.014   ,-0.093  ,-0.039  ,
517, 100000,100000,100000,100000,100000,100000,4.03    ,8.598   ,4.344   ,0.014   ,-0.093  ,-0.039  ,
518, 100000,100000,100000,100000,100000,100000,4.03    ,8.598   ,4.344   ,0.014   ,-0.093  ,-0.039  ,
519, 100000,100000,100000,100000,100000,100000,4.03    ,8.598   ,4.344   ,0.014   ,-0.093  ,-0.039  ,
520, 100000,100000,100000,100000,100000,100000,4.03    ,8.598   ,4.344   ,0.014   ,-0.093  ,-0.039  ,
521, 100000,100000,100000,100000,100000,100000,4.03    ,8.598   ,4.344   ,0.014   ,-0.093  ,-0.039  ,
522, 100000,100000,100000,100000,100000,100000,4.03    ,8.598   ,4.344   ,0.014   ,-0.093  ,-0.039  ,
523, 100000,100000,100000,100000,100000,100000,4.03    ,8.598   ,4.344   ,0.014   ,-0.093  ,-0.039  ,
524, 100000,100000,100000,100000,100000,100000,4.03    ,8.598   ,4.344   ,0.014   ,-0.093  ,-0.039  ,
525, 100000,100000,100000,100000,100000,100000,4.03    ,8.598   ,4.344   ,0.014   ,-0.093  ,-0.039  ,
526, 100000,100000,100000,100000,100000,100000,4.03    ,8.598   ,4.344   ,0.014   ,-0.093  ,-0.039  ,
527, 100000,100000,100000,100000,100000,100000,4.03    ,8.598   ,4.344   ,0.014   ,-0.093  ,-0.039  ,
528, 100000,100000,100000,100000,100000,100000,4.03    ,8.598   ,4.344   ,0.014   ,-0.093  ,-0.039  ,
529, 100000,100000,100000,100000,100000,100000,4.03    ,8.598   ,4.344   ,0.014   ,-0.093  ,-0.039  ,
530, 100000,100000,100000,100000,100000,100000,4.03    ,8.598   ,4.344   ,0.014   ,-0.093  ,-0.039  ,
531, 100000,100000,100000,100000,100000,100000,4.03    ,8.598   ,4.344   ,0.014   ,-0.093  ,-0.039  ,
532, 100000,100000,100000,100000,100000,100000,4.03    ,8.598   ,4.344   ,0.014   ,-0.093  ,-0.039  ,
533, 100000,100000,100000,100000,100000,100000,4.03    ,8.598   ,4.344   ,0.014   ,-0.093  ,-0.039  ,
534, 100000,100000,100000,100000,100000,100000,4.03    ,8.598   ,4.344   ,0.014   ,-0.093  ,-0.039  ,
535, 100000,100000,100000,100000,100000,100000,4.03    ,8.598   ,4.344   ,0.014   ,-0.093  ,-0.039  ,
536, 100000,100000,100000,100000,100000,100000,4.03    ,8.598   ,4.344   ,0.014   ,-0.093  ,-0.039  ,
537, 100000,100000,100000,100000,100000,100000,4.03    ,8.598   ,4.344   ,0.014   ,-0.093  ,-0.039  ,
538, 100000,100000,100000,100000,100000,100000,4.03    ,8.598   ,4.344   ,0.014   ,-0.093  ,-0.039  ,
539, 100000,100000,100000,100000,100000,100000,4.03    ,8.598   ,4.344   ,0.014   ,-0.093  ,-0.039  ,
540, 100000,100000,100000,100000,100000,100000,4.03    ,8.598   ,4.344   ,0.014   ,-0.093  ,-0.039  ,
541, 100000,100000,100000,100000,100000,100000,4.03    ,8.598   ,4.344   ,0.014   ,-0.093  ,-0.039  ,
542, 100000,100000,100000,100000,100000,100000,4.03    ,8.598   ,4.344   ,0.014   ,-0.093  ,-0.039  ,
543, 100000,100000,100000,100000,100000,100000,4.03    ,8.598   ,4.344   ,0.014   ,-0.093  ,-0.039  ,
544, 100000,100000,100000,100000,100000,100000,4.03    ,8.598   ,4.344   ,0.014   ,-0.093  ,-0.039  ,
545, 100000,100000,100000,100000,100000,100000,4.03    ,8.598   ,4.344   ,0.014   ,-0.093  ,-0.039  ,
546, 100000,100000,100000,100000,100000,100000,4.03    ,8.598   ,4.344   ,0.014   ,-0.093  ,-0.039  ,
547, 100000,100000,100000,100000,100000,100000,4.03    ,8.598   ,4.344   ,0.014   ,-0.093  ,-0.039  ,
548, 100000,100000,100000,100000,100000,100000,4.03    ,8.598   ,4.344   ,0.014   ,-0.093  ,-0.039  ,
549, 100000,100000,100000,100000,100000,100000,4.03    ,8.598   ,4.344   ,0.014   ,-0.093  ,-0.039  ,
550, 100000,100000,100000,100000,100000,100000,4.03    ,8.598   ,4.344   ,0.014   ,-0.093  ,-0.039  ,
551, 100000,100000,100000,100000,100000,100000,4.03    ,8.598   ,4.344   ,0.014   ,-0.093  ,-0.039  ,
552, 100000,100000,100000,100000,100000,100000,4.03    ,8.598   ,4.344   ,0.014   ,-0.093  ,-0.039  ,
553, 100000,100000,100000,100000,100000,100000,4.03    ,8.598   ,4.344   ,0.014   ,-0.093  ,-0.039  ,
554, 100000,100000,100000,100000,100000,100000,4.03    ,8.598   ,4.344   ,0.014   ,-0.093  ,-0.039  ,
555, 100000,100000,100000,100000,100000,100000,4.03    ,8.598   ,4.344   ,0.014   ,-0.093  ,-0.039  ,
556, 100000,100000,100000,100000,100000,100000,4.03    ,8.598   ,4.344   ,0.014   ,-0.093  ,-0.039  ,
557, 100000,100000,100000,100000,100000,100000,4.03    ,8.598   ,4.344   ,0.014   ,-0.093  ,-0.039  ,
558, 100000,100000,100000,100000,100000,100000,4.03    ,8.598   ,4.344   ,0.014   ,-0.093  ,-0.039  ,
559, 100000,100000,100000,100000,100000,100000,4.03    ,8.598   ,4.344   ,0.014   ,-0.093  ,-0.039  ,
560, 100000,100000,100000,100000,100000,100000,4.03    ,8.598   ,4.344   ,0.014   ,-0.093  ,-0.039  ,
561, 100000,100000,100000,100000,100000,100000,4.03    ,8.598   ,4.344   ,0.014   ,-0.093  ,-0.039  ,
562, 100000,100000,100000,100000,100000,100000,4.03    ,8.598   ,4.344   ,0.014   ,-0.093  ,-0.039  ,
563, 100000,100000,100000,100000,100000,100000,4.03    ,8.598   ,4.344   ,0.014   ,-0.093  ,-0.039  ,
564, 100000,100000,100000,100000,100000,100000,4.03    ,8.598   ,4.344   ,0.014   ,-0.093  ,-0.039  ,
565, 100000,100000,100000,100000,100000,100000,4.03    ,8.598   ,4.344   ,0.014   ,-0.093  ,-0.039  ,
566, 100000,100000,100000,100000,100000,100000,4.03    ,8.598   ,4.344   ,0.014   ,-0.093  ,-0.039  ,
567, 100000,100000,100000,100000,100000,100000,4.03    ,8.598   ,4.344   ,0.014   ,-0.093  ,-0.039  ,
568, 100000,100000,100000,100000,100000,100000,4.03    ,8.598   ,4.344   ,0.014   ,-0.093  ,-0.039  ,
569, 100000,100000,100000,100000,100000,100000,4.03    ,8.598   ,4.344   ,0.014   ,-0.093  ,-0.039  ,
570, 100000,100000,100000,100000,100000,100000,4.03    ,8.598   ,4.344   ,0.014   ,-0.093  ,-0.039  ,
571, 100000,100000,100000,100000,100000,100000,4.03    ,8.598   ,4.344   ,0.014   ,-0.093  ,-0.039  ,
572, 100000,100000,100000,100000,100000,100000,4.03    ,8.598   ,4.344   ,0.014   ,-0.093  ,-0.039  ,
573, 100000,100000,100000,100000,100000,100000,4.03    ,8.598   ,4.344   ,0.014   ,-0.093  ,-0.039  ,
574, 100000,100000,100000,100000,100000,100000,4.03    ,8.598   ,4.344   ,0.014   ,-0.093  ,-0.039  ,
575, 100000,100000,100000,100000,100000,100000,4.03    ,8.598   ,4.344   ,0.014   ,-0.093  ,-0.039  ,
576, 100000,100000,100000,100000,100000,100000,4.03    ,8.598   ,4.344   ,0.014   ,-0.093  ,-0.039  ,
577, 100000,100000,100000,100000,100000,100000,4.03    ,8.598   ,4.344   ,0.014   ,-0.093  ,-0.039  ,
578, 100000,100000,100000,100000,100000,100000,4.03    ,8.598   ,4.344   ,0.014   ,-0.093  ,-0.039  ,
579, 100000,100000,100000,100000,100000,100000,4.03    ,8.598   ,4.344   ,0.014   ,-0.093  ,-0.039  ,
580, 100000,100000,100000,100000,100000,100000,4.03    ,8.598   ,4.344   ,0.014   ,-0.093  ,-0.039  ,
581, 100000,100000,100000,100000,100000,100000,4.03    ,8.598   ,4.344   ,0.014   ,-0.093  ,-0.039  ,
582, 100000,100000,100000,100000,100000,100000,4.03    ,8.598   ,4.344   ,0.014   ,-0.093  ,-0.039  ,
583, 100000,100000,100000,100000,100000,100000,4.03    ,8.598   ,4.344   ,0.014   ,-0.093  ,-0.039  ,
584, 100000,100000,100000,100000,100000,100000,4.03    ,8.598   ,4.344   ,0.014   ,-0.093  ,-0.039  ,
585, 100000,100000,100000,100000,100000,100000,4.03    ,8.598   ,4.344   ,0.014   ,-0.093  ,-0.039  ,
586, 100000,100000,100000,100000,100000,100000,4.03    ,8.598   ,4.344   ,0.014   ,-0.093  ,-0.039  ,
587, 100000,100000,100000,100000,100000,100000,4.03    ,8.598   ,4.344   ,0.014   ,-0.093  ,-0.039  ,
588, 100000,100000,100000,100000,100000,100000,4.03    ,8.598   ,4.344   ,0.014   ,-0.093  ,-0.039  ,
589, 100000,100000,100000,100000,100000,100000,4.03    ,8.598   ,4.344   ,0.014   ,-0.093  ,-0.039  ,
590, 100000,100000,100000,100000,100000,100000,4.03    ,8.598   ,4.344   ,0.014   ,-0.093  ,-0.039  ,
591, 100000,100000,100000,100000,100000,100000,4.03    ,8.598   ,4.344   ,0.014   ,-0.093  ,-0.039  ,
592, 100000,100000,100000,100000,100000,100000,4.03    ,8.598   ,4.344   ,0.014   ,-0.093  ,-0.039  ,
593, 100000,100000,100000,100000,100000,100000,4.03    ,8.598   ,4.344   ,0.014   ,-0.093  ,-0.039  ,
594, 100000,100000,100000,100000,100000,100000,4.03    ,8.598   ,4.344   ,0.014   ,-0.093  ,-0.039  ,
595, 100000,100000,100000,100000,100000,100000,4.03    ,8.598   ,4.344   ,0.014   ,-0.093  ,-0.039  ,
596, 100000,100000,100000,100000,100000,100000,4.03    ,8.598   ,4.344   ,0.014   ,-0.093  ,-0.039  ,
597, 100000,100000,100000,100000,100000,100000,4.03    ,8.598   ,4.344   ,0.014   ,-0.093  ,-0.039  ,
598, 100000,100000,100000,100000,100000,100000,4.03    ,8.598   ,4.344   ,0.014   ,-0.093  ,-0.039  ,
599, 100000,100000,100000,100000,100000,100000,4.03    ,8.598   ,4.344   ,0.014   ,-0.093  ,-0.039  ,
600, 100000,100000,100000,100000,100000,100000,4.03    ,8.598   ,4.344   ,0.014   ,-0.093  ,-0.039  ,
601, 100000,100000,100000,100000,100000,100000,4.03    ,8.598   ,4.344   ,0.014   ,-0.093  ,-0.039  ,
602, 100000,100000,100000,100000,100000,100000,4.03    ,8.598   ,4.344   ,0.014   ,-0.093  ,-0.039  ,
603, 100000,100000,100000,100000,100000,100000,4.03    ,8.598   ,4.344   ,0.014   ,-0.093  ,-0.039  ,
604, 100000,100000,100000,100000,100000,100000,4.03    ,8.598   ,4.344   ,0.014   ,-0.093  ,-0.039  ,
605, 100000,100000,100000,100000,100000,100000,4.03    ,8.598   ,4.344   ,0.014   ,-0.093  ,-0.039  ,
606, 100000,100000,100000,100000,100000,100000,4.03    ,8.598   ,4.344   ,0.014   ,-0.093  ,-0.039  ,
607, 100000,100000,100000,100000,100000,100000,4.03    ,8.598   ,4.344   ,0.014   ,-0.093  ,-0.039  ,
608, 100000,100000,100000,100000,100000,100000,4.03    ,8.598   ,4.344   ,0.014   ,-0.093  ,-0.039  ,
609, 100000,100000,100000,100000,100000,100000,4.03    ,8.598   ,4.344   ,0.014   ,-0.093  ,-0.039  ,
610, 100000,100000,100000,100000,100000,100000,4.03    ,8.598   ,4.344   ,0.014   ,-0.093  ,-0.039  ,
611, 100000,100000,100000,100000,100000,100000,4.03    ,8.598   ,4.344   ,0.014   ,-0.093  ,-0.039  ,
612, 100000,100000,100000,100000,100000,100000,4.03    ,8.598   ,4.344   ,0.014   ,-0.093  ,-0.039  ,
613, 100000,100000,100000,100000,100000,100000,4.03    ,8.598   ,4.344   ,0.014   ,-0.093  ,-0.039  ,
614, 100000,100000,100000,100000,100000,100000,4.03    ,8.598   ,4.344   ,0.014   ,-0.093  ,-0.039  ,
615, 100000,100000,100000,100000,100000,100000,4.03    ,8.598   ,4.344   ,0.014   ,-0.093  ,-0.039  ,
616, 100000,100000,100000,100000,100000,100000,4.03    ,8.598   ,4.344   ,0.014   ,-0.093  ,-0.039  ,
617, 100000,100000,100000,100000,100000,100000,4.03    ,8.598   ,4.344   ,0.014   ,-0.093  ,-0.039  ,
618, 100000,100000,100000,100000,100000,100000,4.03    ,8.598   ,4.344   ,0.014   ,-0.093  ,-0.039  ,
619, 100000,100000,100000,100000,100000,100000,4.03    ,8.598   ,4.344   ,0.014   ,-0.093  ,-0.039  ,
620, 100000,100000,100000,100000,100000,100000,4.03    ,8.598   ,4.344   ,0.014   ,-0.093  ,-0.039  ,
621, 100000,100000,100000,100000,100000,100000,4.03    ,8.598   ,4.344   ,0.014   ,-0.093  ,-0.039  ,
622, 100000,100000,100000,100000,100000,100000,4.03    ,8.598   ,4.344   ,0.014   ,-0.093  ,-0.039  ,
623, 100000,100000,100000,100000,100000,100000,4.03    ,8.598   ,4.344   ,0.014   ,-0.093  ,-0.039  ,
624, 100000,100000,100000,100000,100000,100000,4.03    ,8.598   ,4.344   ,0.014   ,-0.093  ,-0.039  ,
625, 100000,100000,100000,100000,100000,100000,4.03    ,8.598   ,4.344   ,0.014   ,-0.093  ,-0.039  ,
626, 100000,100000,100000,100000,100000,100000,4.03    ,8.598   ,4.344   ,0.014   ,-0.093  ,-0.039  ,
627, 100000,100000,100000,100000,100000,100000,4.03    ,8.598   ,4.344   ,0.014   ,-0.093  ,-0.039  ,
628, 100000,100000,100000,100000,100000,100000,4.03    ,8.598   ,4.344   ,0.014   ,-0.093  ,-0.039  ,
629, 100000,100000,100000,100000,100000,100000,4.03    ,8.598   ,4.344   ,0.014   ,-0.093  ,-0.039  ,
630, 100000,100000,100000,100000,100000,100000,4.03    ,8.598   ,4.344   ,0.014   ,-0.093  ,-0.039  ,
631, 100000,100000,100000,100000,100000,100000,4.03    ,8.598   ,4.344   ,0.014   ,-0.093  ,-0.039  ,
632, 100000,100000,100000,100000,100000,100000,4.03    ,8.598   ,4.344   ,0.014   ,-0.093  ,-0.039  ,
633, 100000,100000,100000,100000,100000,100000,4.03    ,8.598   ,4.344   ,0.014   ,-0.093  ,-0.039  ,
634, 100000,100000,100000,100000,100000,100000,4.03    ,8.598   ,4.344   ,0.014   ,-0.093  ,-0.039  ,
635, 100000,100000,100000,100000,100000,100000,4.03    ,8.598   ,4.344   ,0.014   ,-0.093  ,-0.039  ,
636, 100000,100000,100000,100000,100000,100000,4.03    ,8.598   ,4.344   ,0.014   ,-0.093  ,-0.039  ,
637, 100000,100000,100000,100000,100000,100000,4.03    ,8.598   ,4.344   ,0.014   ,-0.093  ,-0.039  ,
638, 100000,100000,100000,100000,100000,100000,4.03    ,8.598   ,4.344   ,0.014   ,-0.093  ,-0.039  ,
639, 100000,100000,100000,100000,100000,100000,4.03    ,8.598   ,4.344   ,0.014   ,-0.093  ,-0.039  ,
640, 100000,100000,100000,100000,100000,100000,4.03    ,8.598   ,4.344   ,0.014   ,-0.093  ,-0.039  ,
641, 100000,100000,100000,100000,100000,100000,4.03    ,8.598   ,4.344   ,0.014   ,-0.093  ,-0.039  ,
642, 100000,100000,100000,100000,100000,100000,4.03    ,8.598   ,4.344   ,0.014   ,-0.093  ,-0.039  ,
643, 100000,100000,100000,100000,100000,100000,4.03    ,8.598   ,4.344   ,0.014   ,-0.093  ,-0.039  ,
644, 100000,100000,100000,100000,100000,100000,4.03    ,8.598   ,4.344   ,0.014   ,-0.093  ,-0.039  ,
645, 100000,100000,100000,100000,100000,100000,4.03    ,8.598   ,4.344   ,0.014   ,-0.093  ,-0.039  ,